10000
10050
10051
1009
12443
13133
14250
14268
1433
15672
16020
16080
16686
18091
18092
1883
1936
19999
2003
2004
2020
20720
2082
2083
2086
2087
2181
2222
24220
24224
25672
27017
28017
3000
3100
3128
3200
3260
3306
4000
4117
4118
4242
4317
4318
4433
45001
4646
4647
4648
5000
5001
5044
5432
5500
55679
5601
5665
5666
5672
5693
5984
61613
61616
6379
6443
6556
6557
6984
7000
7001
7002
7474
7547
7800
8000
8001
8004
8005
8006
8008
8009
8010
8045
8080
8081
8082
8083
8086
8088
8089
8090
8091
8094
8161
8191
8333
8400
8428
8429
8443
8447
8480
8481
8482
8500
8501
8600
8686
8800
8880
8888
8889
8983
8984
9000
9001
9021
9040
9043
9080
9090
9091
9092
9093
9095
9100
9200
9300
9411
9441
9443
9598
9796
9800
9880
9990
