5601
8089
16080
10051
28017
13133
2095
9095
16020
5432
25672
8081
7002
4317
9441
636
2301
8080
81
2096
2030
8005
19071
6557
8400
5044
9990
7000
2004
9800
10000
8500
9091
7473
7071
8333
7001
8009
5693
1883
19999
15672
8889
9411
4646
8082
9043
5500
8181
8481
61613
8480
4433
27017
18091
3000
61616
9000
24220
16686
4117
8428
8001
3306
6443
20720
4000
2003
12443
5800
6379
3128
8888
8686
9300
591
1009
5001
8983
9443
8091
8004
5984
9090
9200
20000
8006
9093
8447
8482
9080
6556
8088
2222
3200
9040
8086
9092
8008
1936
55679
9598
9999
8191
5000
5665
2181
9001
2086
9880
9796
7547
5666
2083
8443
8161
2381
2304
8094
2031
10050
24224
4118
8010
2020
45001
4647
8501
14250
8090
7474
3100
9021
8984
8880
8429
2082
4242
9100
8045
7800
8800
1433
4848
4318
14268
2087
8000
6984
18092
8600
4648
8083
5672
3260
389
